Ang. Meas. (°)	Ang. Cons. (°))	V1xx (V)	I1xx(A)	R1xx(Ohm)	V2xy (V)	I2xx (A)	R2xy (Ohm)	Virt	Iload ((A)	Rvirt (Ohm)	Vload (V)	Ivirt	Rvirt (Ohm).1	Temp (K)	Applied Field (G)
-4,000656E+1	-4,000000E+1	2,479194E-2	1,000042E-3	2,479090E+1	1,184878E-4	1,000038E-3	1,184833E-1	1,000000E+0	0,000000E+0	Inf	1,040520E-4	1,000000E+0	1,040520E-4	2,902600E+2	1,022400E+4
-3,000400E+1	-3,000000E+1	2,487272E-2	1,000045E-3	2,487160E+1	1,071357E-4	1,000041E-3	1,071313E-1	1,000000E+0	-5,820766E-11	-1,717987E+10	9,294500E-5	1,000000E+0	9,294500E-5	2,902700E+2	1,022600E+4
-2,000632E+1	-2,000000E+1	2,494046E-2	1,000045E-3	2,493934E+1	8,284483E-5	1,000049E-3	8,284077E-2	1,000000E+0	5,820766E-11	1,717987E+10	6,871900E-5	1,000000E+0	6,871900E-5	2,902800E+2	1,022600E+4
-1,000488E+1	-1,000000E+1	2,498701E-2	1,000044E-3	2,498591E+1	4,856237E-5	1,000045E-3	4,856018E-2	1,000000E+0	0,000000E+0	Inf	3,804800E-5	1,000000E+0	3,804800E-5	2,902900E+2	1,022600E+4
-5,440000E-3	0,000000E+0	2,500870E-2	1,000050E-3	2,500745E+1	8,440408E-6	1,000047E-3	8,440012E-3	1,000000E+0	-5,820766E-11	-1,717987E+10	-7,007000E-6	1,000000E+0	-7,007000E-6	2,903100E+2	1,022600E+4
9,996240E+0	1,000000E+1	2,500324E-2	1,000048E-3	2,500204E+1	-3,266733E-5	1,000048E-3	-3,266576E-2	1,000000E+0	-2,910383E-11	-3,435974E+10	-4,545100E-5	1,000000E+0	-4,545100E-5	2,903200E+2	1,022600E+4
1,999608E+1	2,000000E+1	2,496997E-2	1,000049E-3	2,496875E+1	-6,973925E-5	1,000049E-3	-6,973583E-2	1,000000E+0	1,164153E-10	8,589936E+9	-8,313600E-5	1,000000E+0	-8,313600E-5	2,903400E+2	1,022600E+4
2,999648E+1	3,000000E+1	2,490952E-2	1,000052E-3	2,490822E+1	-9,816344E-5	1,000046E-3	-9,815893E-2	1,000000E+0	8,731149E-11	1,145325E+10	-1,124040E-4	1,000000E+0	-1,124040E-4	2,903500E+2	1,022500E+4
3,999608E+1	4,000000E+1	2,482784E-2	1,000048E-3	2,482665E+1	-1,145620E-4	1,000049E-3	-1,145564E-1	1,000000E+0	-2,910383E-11	-3,435974E+10	-1,289600E-4	1,000000E+0	-1,289600E-4	2,903600E+2	1,022500E+4
4,999608E+1	5,000000E+1	2,474010E-2	1,000045E-3	2,473899E+1	-1,172075E-4	1,000048E-3	-1,172019E-1	1,000000E+0	-8,731149E-11	-1,145325E+10	-1,285650E-4	1,000000E+0	-1,285650E-4	2,903700E+2	1,022500E+4
5,999456E+1	6,000000E+1	2,466245E-2	1,000049E-3	2,466124E+1	-1,056472E-4	1,000045E-3	-1,056424E-1	1,000000E+0	0,000000E+0	Inf	-1,186930E-4	1,000000E+0	-1,186930E-4	2,903700E+2	1,022500E+4
6,999520E+1	7,000000E+1	2,459950E-2	1,000047E-3	2,459834E+1	-8,119202E-5	1,000042E-3	-8,118861E-2	1,000000E+0	0,000000E+0	Inf	-9,079600E-5	1,000000E+0	-9,079600E-5	2,904000E+2	1,022500E+4
7,999344E+1	8,000000E+1	2,455387E-2	1,000047E-3	2,455272E+1	-4,687928E-5	1,000045E-3	-4,687717E-2	1,000000E+0	-2,910383E-11	-3,435974E+10	-5,872100E-5	1,000000E+0	-5,872100E-5	2,904300E+2	1,022500E+4
8,999512E+1	9,000000E+1	2,453950E-2	1,000046E-3	2,453837E+1	-6,927237E-6	1,000047E-3	-6,926911E-3	1,000000E+0	-8,731149E-11	-1,145325E+10	-1,897700E-5	1,000000E+0	-1,897700E-5	2,904500E+2	1,022500E+4
9,999360E+1	1,000000E+2	2,455277E-2	1,000046E-3	2,455164E+1	3,395397E-5	1,000049E-3	3,395230E-2	1,000000E+0	-2,910383E-11	-3,435974E+10	2,424200E-5	1,000000E+0	2,424200E-5	2,904900E+2	1,022500E+4
1,099950E+2	1,100000E+2	2,459254E-2	1,000053E-3	2,459124E+1	7,093742E-5	1,000046E-3	7,093416E-2	1,000000E+0	2,328306E-10	4,294968E+9	6,037800E-5	1,000000E+0	6,037800E-5	2,905200E+2	1,022500E+4
1,199934E+2	1,200000E+2	2,465261E-2	1,000046E-3	2,465148E+1	9,959311E-5	1,000051E-3	9,958803E-2	1,000000E+0	-8,731149E-11	-1,145325E+10	8,512200E-5	1,000000E+0	8,512200E-5	2,905600E+2	1,022600E+4
1,299950E+2	1,300000E+2	2,473541E-2	1,000048E-3	2,473422E+1	1,163954E-4	1,000044E-3	1,163903E-1	1,000000E+0	5,820766E-11	1,717987E+10	1,034260E-4	1,000000E+0	1,034260E-4	2,905900E+2	1,022600E+4
1,399930E+2	1,400000E+2	2,481524E-2	1,000050E-3	2,481400E+1	1,192566E-4	1,000048E-3	1,192509E-1	1,000000E+0	1,164153E-10	8,589936E+9	1,066500E-4	1,000000E+0	1,066500E-4	2,906200E+2	1,022600E+4
1,499937E+2	1,500000E+2	2,489768E-2	1,000049E-3	2,489646E+1	1,079043E-4	1,000048E-3	1,078991E-1	1,000000E+0	5,820766E-11	1,717987E+10	9,454400E-5	1,000000E+0	9,454400E-5	2,906500E+2	1,022500E+4
1,599931E+2	1,600000E+2	2,496476E-2	1,000049E-3	2,496354E+1	8,360899E-5	1,000047E-3	8,360506E-2	1,000000E+0	5,820766E-11	1,717987E+10	7,177100E-5	1,000000E+0	7,177100E-5	2,906800E+2	1,022600E+4
1,699936E+2	1,700000E+2	2,501038E-2	1,000050E-3	2,500913E+1	4,927684E-5	1,000050E-3	4,927437E-2	1,000000E+0	-1,455192E-10	-6,871945E+9	4,009900E-5	1,000000E+0	4,009900E-5	2,907000E+2	1,022600E+4
1,799945E+2	1,800000E+2	2,502695E-2	1,000049E-3	2,502572E+1	9,291711E-6	1,000047E-3	9,291275E-3	1,000000E+0	0,000000E+0	Inf	-5,676000E-6	1,000000E+0	-5,676000E-6	2,907200E+2	1,022600E+4
1,899946E+2	1,900000E+2	2,501704E-2	1,000048E-3	2,501584E+1	-3,178899E-5	1,000046E-3	-3,178753E-2	1,000000E+0	1,746230E-10	5,726622E+9	-4,609500E-5	1,000000E+0	-4,609500E-5	2,907300E+2	1,022600E+4
1,999920E+2	2,000000E+2	2,497459E-2	1,000047E-3	2,497342E+1	-6,871131E-5	1,000046E-3	-6,870815E-2	1,000000E+0	0,000000E+0	Inf	-8,048700E-5	1,000000E+0	-8,048700E-5	2,907400E+2	1,022900E+4
2,099932E+2	2,100000E+2	2,492004E-2	1,000046E-3	2,491889E+1	-9,730293E-5	1,000048E-3	-9,729826E-2	1,000000E+0	-8,731149E-11	-1,145325E+10	-1,082540E-4	1,000000E+0	-1,082540E-4	2,907500E+2	1,022600E+4
2,199921E+2	2,200000E+2	2,484668E-2	1,000050E-3	2,484544E+1	-1,139449E-4	1,000050E-3	-1,139392E-1	1,000000E+0	1,164153E-10	8,589936E+9	-1,262560E-4	1,000000E+0	-1,262560E-4	2,907700E+2	1,022600E+4
2,299932E+2	2,300000E+2	2,475869E-2	1,000050E-3	2,475745E+1	-1,166313E-4	1,000045E-3	-1,166260E-1	1,000000E+0	-2,037268E-10	-4,908534E+9	-1,331270E-4	1,000000E+0	-1,331270E-4	2,907800E+2	1,022500E+4
2,399918E+2	2,400000E+2	2,468144E-2	1,000048E-3	2,468026E+1	-1,051286E-4	1,000046E-3	-1,051237E-1	1,000000E+0	-1,164153E-10	-8,589936E+9	-1,157080E-4	1,000000E+0	-1,157080E-4	2,908000E+2	1,022500E+4
2,499932E+2	2,500000E+2	2,461549E-2	1,000048E-3	2,461431E+1	-8,081778E-5	1,000046E-3	-8,081407E-2	1,000000E+0	-1,164153E-10	-8,589936E+9	-9,275800E-5	1,000000E+0	-9,275800E-5	2,908200E+2	1,022500E+4
2,599930E+2	2,600000E+2	2,456858E-2	1,000048E-3	2,456740E+1	-4,667247E-5	1,000045E-3	-4,667037E-2	1,000000E+0	4,947651E-10	2,021161E+9	-5,632800E-5	1,000000E+0	-5,632800E-5	2,908400E+2	1,022400E+4
2,699915E+2	2,700000E+2	2,455025E-2	1,000044E-3	2,454917E+1	-6,821721E-6	1,000052E-3	-6,821366E-3	1,000000E+0	-2,910383E-10	-3,435974E+9	-1,974700E-5	1,000000E+0	-1,974700E-5	2,908500E+2	1,022400E+4
2,799936E+2	2,800000E+2	2,456782E-2	1,000048E-3	2,456664E+1	3,400247E-5	1,000049E-3	3,400081E-2	1,000000E+0	2,619345E-10	3,817748E+9	2,200600E-5	1,000000E+0	2,200600E-5	2,908900E+2	1,022500E+4
2,899935E+2	2,900000E+2	2,461463E-2	1,000049E-3	2,461342E+1	7,082920E-5	1,000049E-3	7,082573E-2	1,000000E+0	-1,455192E-10	-6,871945E+9	5,895200E-5	1,000000E+0	5,895200E-5	2,909300E+2	1,022400E+4
