Ang. Meas. (°)	Ang. Cons. (°))	V1xx (V)	I1xx(A)	R1xx(Ohm)	V2xy (V)	I2xx (A)	R2xy (Ohm)	Virt	Iload ((A)	Rvirt (Ohm)	Vload (V)	Ivirt	Rvirt (Ohm).1	Temp (K)	Applied Field (G)
-3,999232E+1	-4,000000E+1	2,505177E-2	1,000027E-3	2,505109E+1	-1,199581E-5	1,000029E-3	-1,199546E-2	1,000000E+0	-5,820766E-11	-1,717987E+10	-2,484600E-5	1,000000E+0	-2,484600E-5	2,925600E+2	1,024200E+4
-3,000552E+1	-3,000000E+1	2,508793E-2	1,000022E-3	2,508738E+1	-7,854826E-6	1,000022E-3	-7,854653E-3	1,000000E+0	8,731149E-11	1,145325E+10	-2,088500E-5	1,000000E+0	-2,088500E-5	2,926000E+2	1,024200E+4
-2,000496E+1	-2,000000E+1	2,510758E-2	1,000025E-3	2,510695E+1	-3,614563E-6	1,000030E-3	-3,614455E-3	1,000000E+0	-5,820766E-10	-1,717987E+9	-1,772000E-5	1,000000E+0	-1,772000E-5	2,926300E+2	1,024100E+4
-1,000504E+1	-1,000000E+1	2,512271E-2	1,000023E-3	2,512213E+1	4,356864E-7	1,000022E-3	4,356768E-4	1,000000E+0	0,000000E+0	Inf	-1,524300E-5	1,000000E+0	-1,524300E-5	2,926600E+2	1,024100E+4
-5,040000E-3	0,000000E+0	2,513322E-2	1,000021E-3	2,513269E+1	4,442593E-6	1,000025E-3	4,442482E-3	1,000000E+0	-2,910383E-10	-3,435974E+9	-9,892000E-6	1,000000E+0	-9,892000E-6	2,927000E+2	1,024100E+4
9,994960E+0	1,000000E+1	2,513147E-2	1,000033E-3	2,513064E+1	8,427977E-6	1,000029E-3	8,427733E-3	1,000000E+0	-4,074536E-10	-2,454267E+9	-4,845000E-6	1,000000E+0	-4,845000E-6	2,927300E+2	1,024100E+4
1,999448E+1	2,000000E+1	2,512113E-2	1,000026E-3	2,512048E+1	1,231025E-5	1,000028E-3	1,230991E-2	1,000000E+0	-8,731149E-11	-1,145325E+10	5,900000E-7	1,000000E+0	5,900000E-7	2,927400E+2	1,024200E+4
2,999464E+1	3,000000E+1	2,510038E-2	1,000032E-3	2,509958E+1	1,609505E-5	1,000026E-3	1,609463E-2	1,000000E+0	-6,984919E-10	-1,431656E+9	-7,100000E-8	1,000000E+0	-7,100000E-8	2,927400E+2	1,024200E+4
3,999464E+1	4,000000E+1	2,506710E-2	1,000028E-3	2,506640E+1	1,970674E-5	1,000030E-3	1,970615E-2	1,000000E+0	0,000000E+0	Inf	6,049000E-6	1,000000E+0	6,049000E-6	2,927500E+2	1,024200E+4
4,999312E+1	5,000000E+1	2,502583E-2	1,000032E-3	2,502503E+1	2,396311E-5	1,000029E-3	2,396242E-2	1,000000E+0	-3,201421E-10	-3,123613E+9	9,638000E-6	1,000000E+0	9,638000E-6	2,927400E+2	1,024200E+4
5,999336E+1	6,000000E+1	2,496945E-2	1,000021E-3	2,496893E+1	2,858021E-5	1,000023E-3	2,857955E-2	1,000000E+0	5,820766E-11	1,717987E+10	1,464300E-5	1,000000E+0	1,464300E-5	2,927500E+2	1,024100E+4
6,999360E+1	7,000000E+1	2,489734E-2	1,000027E-3	2,489667E+1	3,422663E-5	1,000026E-3	3,422574E-2	1,000000E+0	-1,746230E-10	-5,726622E+9	2,092400E-5	1,000000E+0	2,092400E-5	2,927800E+2	1,024200E+4
7,999208E+1	8,000000E+1	2,478456E-2	1,000033E-3	2,478374E+1	4,269077E-5	1,000030E-3	4,268949E-2	1,000000E+0	-5,820766E-10	-1,717987E+9	2,721300E-5	1,000000E+0	2,721300E-5	2,927900E+2	1,024200E+4
8,999320E+1	9,000000E+1	2,457312E-2	1,000028E-3	2,457243E+1	2,692128E-5	1,000025E-3	2,692061E-2	1,000000E+0	-2,037268E-10	-4,908534E+9	1,348000E-5	1,000000E+0	1,348000E-5	2,928100E+2	1,024200E+4
9,999184E+1	1,000000E+2	2,477716E-2	1,000026E-3	2,477652E+1	-1,627112E-6	1,000023E-3	-1,627074E-3	1,000000E+0	-3,201421E-10	-3,123613E+9	-1,493900E-5	1,000000E+0	-1,493900E-5	2,928300E+2	1,024200E+4
1,099930E+2	1,100000E+2	2,489634E-2	1,000033E-3	2,489552E+1	1,168184E-6	1,000031E-3	1,168148E-3	1,000000E+0	-3,201421E-10	-3,123613E+9	-1,165300E-5	1,000000E+0	-1,165300E-5	2,928700E+2	1,024200E+4
1,199934E+2	1,200000E+2	2,497979E-2	1,000026E-3	2,497914E+1	2,085164E-6	1,000030E-3	2,085102E-3	1,000000E+0	-3,492460E-10	-2,863311E+9	-1,108400E-5	1,000000E+0	-1,108400E-5	2,929100E+2	1,024200E+4
1,299936E+2	1,300000E+2	2,504459E-2	1,000024E-3	2,504399E+1	2,760829E-6	1,000026E-3	2,760757E-3	1,000000E+0	-5,820766E-10	-1,717987E+9	-1,093000E-5	1,000000E+0	-1,093000E-5	2,929600E+2	1,024300E+4
1,399921E+2	1,400000E+2	2,509232E-2	1,000023E-3	2,509174E+1	2,949637E-6	1,000023E-3	2,949569E-3	1,000000E+0	-1,455192E-10	-6,871945E+9	-7,144000E-6	1,000000E+0	-7,144000E-6	2,930100E+2	1,024300E+4
1,499931E+2	1,500000E+2	2,512746E-2	1,000020E-3	2,512696E+1	3,111587E-6	1,000023E-3	3,111515E-3	1,000000E+0	5,820766E-11	1,717987E+10	-7,996000E-6	1,000000E+0	-7,996000E-6	2,930600E+2	1,024300E+4
1,599919E+2	1,600000E+2	2,515233E-2	1,000021E-3	2,515180E+1	3,227267E-6	1,000025E-3	3,227186E-3	1,000000E+0	-4,074536E-10	-2,454267E+9	-1,112300E-5	1,000000E+0	-1,112300E-5	2,931000E+2	1,024300E+4
1,699920E+2	1,700000E+2	2,516670E-2	1,000025E-3	2,516607E+1	3,384688E-6	1,000026E-3	3,384600E-3	1,000000E+0	-3,492460E-10	-2,863311E+9	-9,987000E-6	1,000000E+0	-9,987000E-6	2,931400E+2	1,024300E+4
1,799928E+2	1,800000E+2	2,517427E-2	1,000026E-3	2,517362E+1	3,592508E-6	1,000028E-3	3,592407E-3	1,000000E+0	-2,328306E-10	-4,294968E+9	-8,616000E-6	1,000000E+0	-8,616000E-6	2,931700E+2	1,024300E+4
1,899920E+2	1,900000E+2	2,517360E-2	1,000026E-3	2,517295E+1	3,833522E-6	1,000022E-3	3,833437E-3	1,000000E+0	-8,731149E-11	-1,145325E+10	-8,783000E-6	1,000000E+0	-8,783000E-6	2,932100E+2	1,024300E+4
1,999927E+2	2,000000E+2	2,516327E-2	1,000033E-3	2,516244E+1	4,108034E-6	1,000029E-3	4,107915E-3	1,000000E+0	-4,074536E-10	-2,454267E+9	-1,160000E-5	1,000000E+0	-1,160000E-5	2,932400E+2	1,024200E+4
2,099920E+2	2,100000E+2	2,514360E-2	1,000032E-3	2,514280E+1	3,994464E-6	1,000028E-3	3,994353E-3	1,000000E+0	-2,910383E-10	-3,435974E+9	-9,484000E-6	1,000000E+0	-9,484000E-6	2,932700E+2	1,024200E+4
2,199921E+2	2,200000E+2	2,511754E-2	1,000028E-3	2,511684E+1	3,457718E-6	1,000029E-3	3,457618E-3	1,000000E+0	-1,455192E-10	-6,871945E+9	-7,211000E-6	1,000000E+0	-7,211000E-6	2,933000E+2	1,024200E+4
2,299919E+2	2,300000E+2	2,507923E-2	1,000034E-3	2,507838E+1	3,065012E-6	1,000033E-3	3,064911E-3	1,000000E+0	-4,074536E-10	-2,454267E+9	-7,543000E-6	1,000000E+0	-7,543000E-6	2,933300E+2	1,024200E+4
2,399929E+2	2,400000E+2	2,502737E-2	1,000036E-3	2,502647E+1	2,896927E-6	1,000032E-3	2,896835E-3	1,000000E+0	-1,746230E-10	-5,726622E+9	-1,110900E-5	1,000000E+0	-1,110900E-5	2,933600E+2	1,024100E+4
2,499914E+2	2,500000E+2	2,495224E-2	1,000031E-3	2,495147E+1	3,323934E-6	1,000029E-3	3,323838E-3	1,000000E+0	-2,619345E-10	-3,817748E+9	-8,896000E-6	1,000000E+0	-8,896000E-6	2,933900E+2	1,024100E+4
2,599931E+2	2,600000E+2	2,484055E-2	1,000027E-3	2,483988E+1	5,448898E-6	1,000024E-3	5,448767E-3	1,000000E+0	-1,746230E-10	-5,726622E+9	-7,132000E-6	1,000000E+0	-7,132000E-6	2,934200E+2	1,024000E+4
2,699919E+2	2,700000E+2	2,463213E-2	1,000028E-3	2,463144E+1	-1,607977E-5	1,000029E-3	-1,607930E-2	1,000000E+0	-2,910383E-11	-3,435974E+10	-2,962300E-5	1,000000E+0	-2,962300E-5	2,934400E+2	1,024000E+4
2,799933E+2	2,800000E+2	2,483231E-2	1,000030E-3	2,483157E+1	-3,899221E-5	1,000031E-3	-3,899100E-2	1,000000E+0	-1,746230E-10	-5,726622E+9	-5,147800E-5	1,000000E+0	-5,147800E-5	2,934600E+2	1,023900E+4
2,899931E+2	2,900000E+2	2,494551E-2	1,000028E-3	2,494481E+1	-2,981027E-5	1,000029E-3	-2,980941E-2	1,000000E+0	1,164153E-10	8,589936E+9	-4,282800E-5	1,000000E+0	-4,282800E-5	2,934800E+2	1,023800E+4
2,999916E+2	3,000000E+2	2,502315E-2	1,000032E-3	2,502235E+1	-2,317376E-5	1,000029E-3	-2,317309E-2	1,000000E+0	-2,619345E-10	-3,817748E+9	-3,635400E-5	1,000000E+0	-3,635400E-5	2,935100E+2	1,023800E+4
