Ang. Meas. (°)	Ang. Cons. (°))	V1xx (V)	I1xx(A)	R1xx(Ohm)	V2xy (V)	I2xx (A)	R2xy (Ohm)	Virt	Iload ((A)	Rvirt (Ohm)	Vload (V)	Ivirt	Rvirt (Ohm).1	Temp (K)	Applied Field (G)
-3,999192E+1	-4,000000E+1	2,509314E-2	1,000026E-3	2,509249E+1	-1,288653E-5	1,000023E-3	-1,288623E-2	1,000000E+0	-8,731149E-11	-1,145325E+10	-2,533700E-5	1,000000E+0	-2,533700E-5	2,938200E+2	1,505400E+4
-3,000480E+1	-3,000000E+1	2,513667E-2	1,000025E-3	2,513604E+1	-8,935762E-6	1,000022E-3	-8,935565E-3	1,000000E+0	-3,201421E-10	-3,123613E+9	-1,886400E-5	1,000000E+0	-1,886400E-5	2,938300E+2	1,505500E+4
-2,000552E+1	-2,000000E+1	2,517129E-2	1,000028E-3	2,517059E+1	-4,773458E-6	1,000027E-3	-4,773329E-3	1,000000E+0	-3,201421E-10	-3,123613E+9	-1,769700E-5	1,000000E+0	-1,769700E-5	2,938500E+2	1,505500E+4
-1,000520E+1	-1,000000E+1	2,519189E-2	1,000020E-3	2,519139E+1	-4,940678E-7	1,000018E-3	-4,940590E-4	1,000000E+0	-2,328306E-10	-4,294968E+9	-1,027500E-5	1,000000E+0	-1,027500E-5	2,938600E+2	1,505400E+4
-5,040000E-3	0,000000E+0	2,519927E-2	1,000025E-3	2,519864E+1	3,707580E-6	1,000021E-3	3,707502E-3	1,000000E+0	-1,455192E-10	-6,871945E+9	-8,383000E-6	1,000000E+0	-8,383000E-6	2,938900E+2	1,505400E+4
9,994720E+0	1,000000E+1	2,519599E-2	1,000024E-3	2,519539E+1	7,856418E-6	1,000024E-3	7,856230E-3	1,000000E+0	-2,328306E-10	-4,294968E+9	-3,135000E-6	1,000000E+0	-3,135000E-6	2,939100E+2	1,505400E+4
1,999360E+1	2,000000E+1	2,518062E-2	1,000026E-3	2,517997E+1	1,189581E-5	1,000021E-3	1,189556E-2	1,000000E+0	-2,619345E-10	-3,817748E+9	-1,370000E-6	1,000000E+0	-1,370000E-6	2,939400E+2	1,505500E+4
2,999480E+1	3,000000E+1	2,515489E-2	1,000022E-3	2,515434E+1	1,546354E-5	1,000017E-3	1,546328E-2	1,000000E+0	5,820766E-11	1,717987E+10	1,276000E-6	1,000000E+0	1,276000E-6	2,939700E+2	1,505500E+4
3,999480E+1	4,000000E+1	2,511547E-2	1,000025E-3	2,511484E+1	1,891217E-5	1,000022E-3	1,891176E-2	1,000000E+0	-6,693881E-10	-1,493902E+9	7,129000E-6	1,000000E+0	7,129000E-6	2,940000E+2	1,505500E+4
4,999368E+1	5,000000E+1	2,506093E-2	1,000021E-3	2,506040E+1	2,243584E-5	1,000018E-3	2,243544E-2	1,000000E+0	-2,619345E-10	-3,817748E+9	9,676000E-6	1,000000E+0	9,676000E-6	2,940500E+2	1,505600E+4
5,999352E+1	6,000000E+1	2,498747E-2	1,000021E-3	2,498695E+1	2,598486E-5	1,000021E-3	2,598432E-2	1,000000E+0	-2,910383E-10	-3,435974E+9	1,600700E-5	1,000000E+0	1,600700E-5	2,940900E+2	1,505600E+4
6,999344E+1	7,000000E+1	2,488402E-2	1,000022E-3	2,488347E+1	2,910215E-5	1,000020E-3	2,910157E-2	1,000000E+0	-7,858034E-10	-1,272583E+9	1,606400E-5	1,000000E+0	1,606400E-5	2,941400E+2	1,505600E+4
7,999288E+1	8,000000E+1	2,475097E-2	1,000017E-3	2,475055E+1	3,008913E-5	1,000019E-3	3,008856E-2	1,000000E+0	-4,074536E-10	-2,454267E+9	1,430900E-5	1,000000E+0	1,430900E-5	2,941900E+2	1,505600E+4
8,999296E+1	9,000000E+1	2,463963E-2	1,000025E-3	2,463901E+1	2,176197E-5	1,000023E-3	2,176147E-2	1,000000E+0	0,000000E+0	Inf	1,114200E-5	1,000000E+0	1,114200E-5	2,942500E+2	1,505600E+4
9,999192E+1	1,000000E+2	2,475004E-2	1,000016E-3	2,474964E+1	9,763299E-6	1,000016E-3	9,763143E-3	1,000000E+0	-5,238689E-10	-1,908875E+9	1,407000E-6	1,000000E+0	1,407000E-6	2,943100E+2	1,505600E+4
1,099921E+2	1,100000E+2	2,489661E-2	1,000024E-3	2,489601E+1	5,755493E-6	1,000022E-3	5,755366E-3	1,000000E+0	1,164153E-10	8,589936E+9	-5,169000E-6	1,000000E+0	-5,169000E-6	2,943700E+2	1,505600E+4
1,199931E+2	1,200000E+2	2,500721E-2	1,000020E-3	2,500671E+1	4,143233E-6	1,000023E-3	4,143137E-3	1,000000E+0	1,746230E-10	5,726622E+9	-7,335000E-6	1,000000E+0	-7,335000E-6	2,944400E+2	1,505600E+4
1,299929E+2	1,300000E+2	2,509301E-2	1,000018E-3	2,509256E+1	3,429849E-6	1,000017E-3	3,429790E-3	1,000000E+0	-6,693881E-10	-1,493902E+9	-7,883000E-6	1,000000E+0	-7,883000E-6	2,945100E+2	1,505600E+4
1,399913E+2	1,400000E+2	2,515570E-2	1,000022E-3	2,515515E+1	3,023464E-6	1,000021E-3	3,023400E-3	1,000000E+0	-4,365575E-10	-2,290649E+9	-1,105500E-5	1,000000E+0	-1,105500E-5	2,945700E+2	1,505600E+4
1,499930E+2	1,500000E+2	2,520511E-2	1,000019E-3	2,520463E+1	2,708216E-6	1,000020E-3	2,708162E-3	1,000000E+0	-7,275958E-10	-1,374389E+9	-9,747000E-6	1,000000E+0	-9,747000E-6	2,946300E+2	1,505600E+4
1,599916E+2	1,600000E+2	2,524007E-2	1,000023E-3	2,523949E+1	2,747143E-6	1,000022E-3	2,747083E-3	1,000000E+0	-2,328306E-10	-4,294968E+9	-1,073200E-5	1,000000E+0	-1,073200E-5	2,946900E+2	1,505600E+4
1,699915E+2	1,700000E+2	2,526183E-2	1,000020E-3	2,526132E+1	2,925189E-6	1,000017E-3	2,925140E-3	1,000000E+0	4,365575E-10	2,290649E+9	-6,681000E-6	1,000000E+0	-6,681000E-6	2,947400E+2	1,505600E+4
1,799921E+2	1,800000E+2	2,527327E-2	1,000023E-3	2,527269E+1	3,197685E-6	1,000017E-3	3,197631E-3	1,000000E+0	-5,820766E-10	-1,717987E+9	-7,008000E-6	1,000000E+0	-7,008000E-6	2,947900E+2	1,505600E+4
1,899930E+2	1,900000E+2	2,527225E-2	1,000017E-3	2,527182E+1	3,505895E-6	1,000016E-3	3,505839E-3	1,000000E+0	-7,858034E-10	-1,272583E+9	-5,060000E-6	1,000000E+0	-5,060000E-6	2,948400E+2	1,505500E+4
1,999918E+2	2,000000E+2	2,525694E-2	1,000017E-3	2,525651E+1	3,650139E-6	1,000021E-3	3,650062E-3	1,000000E+0	-1,047738E-9	-9,544371E+8	-8,280000E-6	1,000000E+0	-8,280000E-6	2,948900E+2	1,505500E+4
2,099920E+2	2,100000E+2	2,523064E-2	1,000019E-3	2,523016E+1	3,221322E-6	1,000019E-3	3,221261E-3	1,000000E+0	-5,820766E-11	-1,717987E+10	-9,975000E-6	1,000000E+0	-9,975000E-6	2,949500E+2	1,505500E+4
2,199929E+2	2,200000E+2	2,518963E-2	1,000019E-3	2,518915E+1	2,367011E-6	1,000018E-3	2,366969E-3	1,000000E+0	-9,313226E-10	-1,073742E+9	-7,386000E-6	1,000000E+0	-7,386000E-6	2,950000E+2	1,505400E+4
2,299915E+2	2,300000E+2	2,513375E-2	1,000019E-3	2,513327E+1	1,279936E-6	1,000023E-3	1,279907E-3	1,000000E+0	-5,820766E-11	-1,717987E+10	-9,565000E-6	1,000000E+0	-9,565000E-6	2,950500E+2	1,505400E+4
2,399919E+2	2,400000E+2	2,505750E-2	1,000017E-3	2,505707E+1	-2,535574E-7	1,000017E-3	-2,535531E-4	1,000000E+0	-2,037268E-10	-4,908534E+9	-1,161700E-5	1,000000E+0	-1,161700E-5	2,951100E+2	1,505300E+4
2,499913E+2	2,500000E+2	2,495683E-2	1,000019E-3	2,495636E+1	-2,475783E-6	1,000023E-3	-2,475726E-3	1,000000E+0	-1,746230E-10	-5,726622E+9	-1,220100E-5	1,000000E+0	-1,220100E-5	2,951600E+2	1,505200E+4
2,599932E+2	2,600000E+2	2,481772E-2	1,000016E-3	2,481732E+1	-7,035211E-6	1,000017E-3	-7,035091E-3	1,000000E+0	-2,328306E-10	-4,294968E+9	-1,636400E-5	1,000000E+0	-1,636400E-5	2,952200E+2	1,505100E+4
2,699918E+2	2,700000E+2	2,470437E-2	1,000019E-3	2,470390E+1	-1,890972E-5	1,000021E-3	-1,890932E-2	1,000000E+0	-2,328306E-10	-4,294968E+9	-2,720300E-5	1,000000E+0	-2,720300E-5	2,952700E+2	1,505000E+4
2,799933E+2	2,800000E+2	2,480832E-2	1,000025E-3	2,480770E+1	-2,733649E-5	1,000021E-3	-2,733592E-2	1,000000E+0	-1,746230E-10	-5,726622E+9	-3,880400E-5	1,000000E+0	-3,880400E-5	2,953200E+2	1,504900E+4
2,899930E+2	2,900000E+2	2,494706E-2	1,000018E-3	2,494661E+1	-2,558433E-5	1,000011E-3	-2,558405E-2	1,000000E+0	-1,746230E-10	-5,726622E+9	-3,607200E-5	1,000000E+0	-3,607200E-5	2,953800E+2	1,504800E+4
2,999906E+2	3,000000E+2	2,505655E-2	1,000020E-3	2,505605E+1	-2,164615E-5	1,000022E-3	-2,164568E-2	1,000000E+0	-2,037268E-10	-4,908534E+9	-3,346600E-5	1,000000E+0	-3,346600E-5	2,954300E+2	1,504600E+4
