Hmes(G)	Hcons(G)	V1xx (V)	I1xx(A)	R1xx(Ohm)	V2xy (V)	I2xx (A)	R2xy (Ohm)	Virt 	Iload ((A)	Rvirt (Ohm)	Vload (V)	Ivirt	Rvirt (Ohm)
6,758000E+3	8,455000E+3	2,535352E-2	1,000016E-3	2,535311E+1	-7,934072E-6	1,000020E-3	-7,933913E-3	1,000000E+0	-4,074536E-10	-2,454267E+9	-1,973900E-5	1,000000E+0	-1,973900E-5
1,044800E+4	1,345500E+4	2,534285E-2	1,000017E-3	2,534242E+1	-7,257905E-6	1,000016E-3	-7,257789E-3	1,000000E+0	-2,619345E-10	-3,817748E+9	-1,832000E-5	1,000000E+0	-1,832000E-5
1,325400E+4	1,500000E+4	2,533277E-2	1,000024E-3	2,533216E+1	-6,387908E-6	1,000020E-3	-6,387780E-3	1,000000E+0	-4,656613E-10	-2,147484E+9	-1,753500E-5	1,000000E+0	-1,753500E-5
1,372900E+4	1,350000E+4	2,533326E-2	1,000020E-3	2,533275E+1	3,922529E-6	1,000021E-3	3,922447E-3	1,000000E+0	-2,328306E-10	-4,294968E+9	-9,210000E-6	1,000000E+0	-9,210000E-6
1,245800E+4	1,200000E+4	2,533940E-2	1,000019E-3	2,533892E+1	4,231544E-6	1,000021E-3	4,231455E-3	1,000000E+0	-5,529728E-10	-1,808407E+9	-8,198000E-6	1,000000E+0	-8,198000E-6
1,117800E+4	1,050000E+4	2,534301E-2	1,000014E-3	2,534266E+1	4,304270E-6	1,000021E-3	4,304179E-3	1,000000E+0	-5,238689E-10	-1,908875E+9	-9,616000E-6	1,000000E+0	-9,616000E-6
9,594000E+3	9,000000E+3	2,534729E-2	1,000018E-3	2,534683E+1	4,250552E-6	1,000017E-3	4,250480E-3	1,000000E+0	-2,328306E-10	-4,294968E+9	-8,871000E-6	1,000000E+0	-8,871000E-6
7,977000E+3	7,500000E+3	2,535310E-2	1,000011E-3	2,535282E+1	4,160122E-6	1,000017E-3	4,160051E-3	1,000000E+0	-4,074536E-10	-2,454267E+9	-6,555000E-6	1,000000E+0	-6,555000E-6
6,392000E+3	6,000000E+3	2,535897E-2	1,000012E-3	2,535867E+1	4,236268E-6	1,000012E-3	4,236217E-3	1,000000E+0	-2,910383E-10	-3,435974E+9	-1,066200E-5	1,000000E+0	-1,066200E-5
4,794000E+3	4,500000E+3	2,536352E-2	1,000026E-3	2,536286E+1	4,262521E-6	1,000016E-3	4,262452E-3	1,000000E+0	-4,947651E-10	-2,021161E+9	-8,991000E-6	1,000000E+0	-8,991000E-6
3,474000E+3	3,000000E+3	2,536956E-2	1,000016E-3	2,536915E+1	4,356672E-6	1,000017E-3	4,356598E-3	1,000000E+0	-4,656613E-10	-2,147484E+9	-9,065000E-6	1,000000E+0	-9,065000E-6
1,881000E+3	1,500000E+3	2,537369E-2	1,000017E-3	2,537326E+1	4,419039E-6	1,000016E-3	4,418968E-3	1,000000E+0	-4,365575E-10	-2,290649E+9	-6,541000E-6	1,000000E+0	-6,541000E-6
5,650000E+2	4,000000E+2	2,537848E-2	1,000017E-3	2,537805E+1	5,085950E-6	1,000017E-3	5,085863E-3	1,000000E+0	-4,074536E-10	-2,454267E+9	-7,204000E-6	1,000000E+0	-7,204000E-6
4,230000E+2	3,500000E+2	2,537889E-2	1,000014E-3	2,537853E+1	5,180003E-6	1,000009E-3	5,179956E-3	1,000000E+0	-4,656613E-10	-2,147484E+9	-8,342000E-6	1,000000E+0	-8,342000E-6
3,550000E+2	3,000000E+2	2,537729E-2	1,000009E-3	2,537706E+1	5,395064E-6	1,000011E-3	5,395004E-3	1,000000E+0	-4,074536E-10	-2,454267E+9	-8,307000E-6	1,000000E+0	-8,307000E-6
2,930000E+2	2,500000E+2	2,537739E-2	1,000011E-3	2,537711E+1	5,753063E-6	1,000013E-3	5,752988E-3	1,000000E+0	-5,238689E-10	-1,908875E+9	-9,043000E-6	1,000000E+0	-9,043000E-6
2,340000E+2	2,000000E+2	2,537813E-2	1,000010E-3	2,537788E+1	6,307213E-6	1,000009E-3	6,307156E-3	1,000000E+0	-3,492460E-10	-2,863311E+9	-7,059000E-6	1,000000E+0	-7,059000E-6
1,740000E+2	1,500000E+2	2,537822E-2	1,000014E-3	2,537786E+1	7,227608E-6	1,000015E-3	7,227500E-3	1,000000E+0	-2,910383E-10	-3,435974E+9	-4,491000E-6	1,000000E+0	-4,491000E-6
1,160000E+2	1,000000E+2	2,537745E-2	1,000008E-3	2,537725E+1	9,051402E-6	1,000015E-3	9,051266E-3	1,000000E+0	-4,074536E-10	-2,454267E+9	-2,156000E-6	1,000000E+0	-2,156000E-6
5,600000E+1	5,000000E+1	2,537847E-2	1,000010E-3	2,537822E+1	1,456744E-5	1,000015E-3	1,456722E-2	1,000000E+0	-2,910383E-10	-3,435974E+9	3,651000E-6	1,000000E+0	3,651000E-6
5,200000E+1	0,000000E+0	2,537662E-2	1,000005E-3	2,537649E+1	1,517219E-5	1,000009E-3	1,517206E-2	1,000000E+0	-4,947651E-10	-2,021161E+9	1,502000E-6	1,000000E+0	1,502000E-6
5,100000E+1	-5,000000E+1	2,537764E-2	1,000012E-3	2,537734E+1	1,542467E-5	1,000005E-3	1,542459E-2	1,000000E+0	-2,037268E-10	-4,908534E+9	2,812000E-6	1,000000E+0	2,812000E-6
-3,000000E+0	-1,000000E+2	2,529107E-2	1,000012E-3	2,529077E+1	9,522777E-5	1,000010E-3	9,522682E-2	1,000000E+0	-3,201421E-10	-3,123613E+9	7,682100E-5	1,000000E+0	7,682100E-5
-6,000000E+1	-1,500000E+2	2,537553E-2	1,000009E-3	2,537530E+1	1,386573E-5	1,000014E-3	1,386553E-2	1,000000E+0	-6,693881E-10	-1,493902E+9	2,190000E-7	1,000000E+0	2,190000E-7
-1,190000E+2	-2,000000E+2	2,537526E-2	1,000007E-3	2,537508E+1	8,872650E-6	1,000011E-3	8,872552E-3	1,000000E+0	-8,731149E-11	-1,145325E+10	-3,816000E-6	1,000000E+0	-3,816000E-6
-1,780000E+2	-2,500000E+2	2,537595E-2	1,000014E-3	2,537559E+1	7,186062E-6	1,000009E-3	7,185998E-3	1,000000E+0	-2,328306E-10	-4,294968E+9	-5,615000E-6	1,000000E+0	-5,615000E-6
-2,360000E+2	-3,000000E+2	2,537417E-2	1,000009E-3	2,537394E+1	6,312943E-6	1,000010E-3	6,312880E-3	1,000000E+0	-4,947651E-10	-2,021161E+9	-5,831000E-6	1,000000E+0	-5,831000E-6
-2,950000E+2	-3,500000E+2	2,537409E-2	1,000010E-3	2,537384E+1	5,798325E-6	1,000011E-3	5,798261E-3	1,000000E+0	-2,910383E-10	-3,435974E+9	-7,222000E-6	1,000000E+0	-7,222000E-6
-3,530000E+2	-4,000000E+2	2,537638E-2	1,000016E-3	2,537597E+1	5,425539E-6	1,000016E-3	5,425452E-3	1,000000E+0	-5,238689E-10	-1,908875E+9	-7,455000E-6	1,000000E+0	-7,455000E-6
-1,541000E+3	-1,900000E+3	2,536915E-2	1,000015E-3	2,536877E+1	4,344603E-6	1,000013E-3	4,344546E-3	1,000000E+0	-4,074536E-10	-2,454267E+9	-9,030000E-6	1,000000E+0	-9,030000E-6
-3,080000E+3	-3,400000E+3	2,536494E-2	1,000020E-3	2,536443E+1	4,367035E-6	1,000018E-3	4,366957E-3	1,000000E+0	-3,492460E-10	-2,863311E+9	-9,292000E-6	1,000000E+0	-9,292000E-6
-4,642000E+3	-4,900000E+3	2,535914E-2	1,000016E-3	2,535873E+1	4,219772E-6	1,000016E-3	4,219704E-3	1,000000E+0	-3,201421E-10	-3,123613E+9	-5,661000E-6	1,000000E+0	-5,661000E-6
-6,254000E+3	-6,400000E+3	2,535462E-2	1,000015E-3	2,535424E+1	4,129442E-6	1,000012E-3	4,129392E-3	1,000000E+0	-6,693881E-10	-1,493902E+9	-6,605000E-6	1,000000E+0	-6,605000E-6
-7,858000E+3	-7,900000E+3	2,534752E-2	1,000007E-3	2,534734E+1	4,207298E-6	1,000011E-3	4,207252E-3	1,000000E+0	-4,365575E-10	-2,290649E+9	-7,541000E-6	1,000000E+0	-7,541000E-6
-9,375000E+3	-9,400000E+3	2,534274E-2	1,000011E-3	2,534246E+1	4,152879E-6	1,000007E-3	4,152850E-3	1,000000E+0	-2,328306E-10	-4,294968E+9	-7,539000E-6	1,000000E+0	-7,539000E-6
-1,093400E+4	-1,090000E+4	2,533813E-2	1,000015E-3	2,533775E+1	4,061242E-6	1,000014E-3	4,061185E-3	1,000000E+0	-3,201421E-10	-3,123613E+9	-7,932000E-6	1,000000E+0	-7,932000E-6
-1,245500E+4	-1,240000E+4	2,533199E-2	1,000017E-3	2,533156E+1	3,970308E-6	1,000017E-3	3,970240E-3	1,000000E+0	-2,910383E-10	-3,435974E+9	-7,064000E-6	1,000000E+0	-7,064000E-6
-1,366000E+4	-1,390000E+4	2,532653E-2	1,000020E-3	2,532602E+1	4,255581E-6	1,000020E-3	4,255495E-3	1,000000E+0	-4,074536E-10	-2,454267E+9	-7,206000E-6	1,000000E+0	-7,206000E-6
-1,493400E+4	-1,500000E+4	2,532434E-2	1,000018E-3	2,532388E+1	3,897782E-6	1,000016E-3	3,897720E-3	1,000000E+0	-3,492460E-10	-2,863311E+9	-5,676000E-6	1,000000E+0	-5,676000E-6
-1,391000E+4	-1,350000E+4	2,532711E-2	1,000015E-3	2,532673E+1	3,192247E-6	1,000017E-3	3,192192E-3	1,000000E+0	-2,037268E-10	-4,908534E+9	-1,105000E-5	1,000000E+0	-1,105000E-5
-1,247900E+4	-1,200000E+4	2,533115E-2	1,000010E-3	2,533090E+1	3,193152E-6	1,000016E-3	3,193101E-3	1,000000E+0	-4,947651E-10	-2,021161E+9	-1,050700E-5	1,000000E+0	-1,050700E-5
-1,117200E+4	-1,050000E+4	2,533568E-2	1,000013E-3	2,533535E+1	3,208945E-6	1,000017E-3	3,208891E-3	1,000000E+0	-5,820766E-11	-1,717987E+10	-1,094400E-5	1,000000E+0	-1,094400E-5
-9,603000E+3	-9,000000E+3	2,534291E-2	1,000016E-3	2,534250E+1	3,243246E-6	1,000016E-3	3,243194E-3	1,000000E+0	-7,275958E-10	-1,374389E+9	-7,636000E-6	1,000000E+0	-7,636000E-6
-8,003000E+3	-7,500000E+3	2,534652E-2	1,000017E-3	2,534609E+1	3,272416E-6	1,000015E-3	3,272367E-3	1,000000E+0	-9,022187E-10	-1,108379E+9	-6,996000E-6	1,000000E+0	-6,996000E-6
-6,500000E+3	-6,000000E+3	2,535300E-2	1,000018E-3	2,535254E+1	3,299777E-6	1,000013E-3	3,299734E-3	1,000000E+0	-6,984919E-10	-1,431656E+9	-5,087000E-6	1,000000E+0	-5,087000E-6
-4,933000E+3	-4,500000E+3	2,535896E-2	1,000010E-3	2,535871E+1	3,170318E-6	1,000017E-3	3,170264E-3	1,000000E+0	-4,074536E-10	-2,454267E+9	-1,045600E-5	1,000000E+0	-1,045600E-5
-3,354000E+3	-3,000000E+3	2,536569E-2	1,000017E-3	2,536526E+1	3,318788E-6	1,000017E-3	3,318732E-3	1,000000E+0	-3,492460E-10	-2,863311E+9	-7,191000E-6	1,000000E+0	-7,191000E-6
-1,831000E+3	-1,500000E+3	2,536997E-2	1,000015E-3	2,536959E+1	3,364456E-6	1,000013E-3	3,364412E-3	1,000000E+0	-2,619345E-10	-3,817748E+9	-8,424000E-6	1,000000E+0	-8,424000E-6
-5,260000E+2	-4,000000E+2	2,537476E-2	1,000013E-3	2,537443E+1	4,461086E-6	1,000010E-3	4,461041E-3	1,000000E+0	-8,149073E-10	-1,227133E+9	-5,756000E-6	1,000000E+0	-5,756000E-6
-4,230000E+2	-3,500000E+2	2,537435E-2	1,000016E-3	2,537394E+1	4,866162E-6	1,000015E-3	4,866089E-3	1,000000E+0	-6,402843E-10	-1,561806E+9	-6,426000E-6	1,000000E+0	-6,426000E-6
-3,550000E+2	-3,000000E+2	2,537267E-2	1,000013E-3	2,537234E+1	5,202737E-6	1,000009E-3	5,202690E-3	1,000000E+0	-5,820766E-11	-1,717987E+10	-3,281000E-6	1,000000E+0	-3,281000E-6
-2,940000E+2	-2,500000E+2	2,537274E-2	1,000013E-3	2,537241E+1	5,575421E-6	1,000012E-3	5,575354E-3	1,000000E+0	-4,365575E-10	-2,290649E+9	-4,833000E-6	1,000000E+0	-4,833000E-6
-2,330000E+2	-2,000000E+2	2,537057E-2	1,000015E-3	2,537019E+1	6,104524E-6	1,000012E-3	6,104450E-3	1,000000E+0	-2,037268E-10	-4,908534E+9	-6,967000E-6	1,000000E+0	-6,967000E-6
-1,730000E+2	-1,500000E+2	2,537308E-2	1,000009E-3	2,537285E+1	7,040412E-6	1,000007E-3	7,040363E-3	1,000000E+0	-6,693881E-10	-1,493902E+9	-6,445000E-6	1,000000E+0	-6,445000E-6
-1,150000E+2	-1,000000E+2	2,537400E-2	1,000014E-3	2,537364E+1	8,964695E-6	1,000010E-3	8,964606E-3	1,000000E+0	-8,731149E-11	-1,145325E+10	-1,580000E-6	1,000000E+0	-1,580000E-6
-5,600000E+1	-5,000000E+1	2,537073E-2	1,000016E-3	2,537032E+1	1,508769E-5	1,000012E-3	1,508751E-2	1,000000E+0	-2,619345E-10	-3,817748E+9	3,541000E-6	1,000000E+0	3,541000E-6
-5,200000E+1	0,000000E+0	2,536955E-2	1,000013E-3	2,536922E+1	1,572060E-5	1,000014E-3	1,572038E-2	1,000000E+0	-2,910383E-10	-3,435974E+9	3,797000E-6	1,000000E+0	3,797000E-6
-5,000000E+1	5,000000E+1	2,537115E-2	1,000016E-3	2,537074E+1	1,601804E-5	1,000006E-3	1,601794E-2	1,000000E+0	-4,656613E-10	-2,147484E+9	3,422000E-6	1,000000E+0	3,422000E-6
4,000000E+0	1,000000E+2	2,532987E-2	1,000012E-3	2,532957E+1	6,574980E-5	1,000016E-3	6,574875E-2	1,000000E+0	-1,746230E-10	-5,726622E+9	5,224700E-5	1,000000E+0	5,224700E-5
6,100000E+1	1,500000E+2	2,537005E-2	1,000014E-3	2,536969E+1	1,306040E-5	1,000013E-3	1,306023E-2	1,000000E+0	-4,074536E-10	-2,454267E+9	2,791000E-6	1,000000E+0	2,791000E-6
1,190000E+2	2,000000E+2	2,537073E-2	1,000015E-3	2,537035E+1	8,518473E-6	1,000016E-3	8,518336E-3	1,000000E+0	-2,910383E-10	-3,435974E+9	-3,426000E-6	1,000000E+0	-3,426000E-6
1,770000E+2	2,500000E+2	2,537038E-2	1,000010E-3	2,537013E+1	6,840737E-6	1,000017E-3	6,840621E-3	1,000000E+0	-2,910383E-10	-3,435974E+9	-5,664000E-6	1,000000E+0	-5,664000E-6
2,360000E+2	3,000000E+2	2,536887E-2	1,000013E-3	2,536854E+1	5,995784E-6	1,000010E-3	5,995724E-3	1,000000E+0	-4,947651E-10	-2,021161E+9	-7,628000E-6	1,000000E+0	-7,628000E-6
2,950000E+2	3,500000E+2	2,536845E-2	1,000011E-3	2,536817E+1	5,499978E-6	1,000011E-3	5,499917E-3	1,000000E+0	-4,947651E-10	-2,021161E+9	-5,346000E-6	1,000000E+0	-5,346000E-6
3,530000E+2	4,000000E+2	2,536888E-2	1,000011E-3	2,536860E+1	5,130310E-6	1,000011E-3	5,130254E-3	1,000000E+0	-4,365575E-10	-2,290649E+9	-8,173000E-6	1,000000E+0	-8,173000E-6
1,616000E+3	1,900000E+3	2,536325E-2	1,000017E-3	2,536282E+1	3,325527E-6	1,000016E-3	3,325473E-3	1,000000E+0	-4,365575E-10	-2,290649E+9	-7,141000E-6	1,000000E+0	-7,141000E-6
3,203000E+3	3,400000E+3	2,535643E-2	1,000015E-3	2,535605E+1	3,128772E-6	1,000015E-3	3,128725E-3	1,000000E+0	-5,529728E-10	-1,808407E+9	-7,936000E-6	1,000000E+0	-7,936000E-6
4,767000E+3	4,900000E+3	2,535063E-2	1,000017E-3	2,535020E+1	3,076667E-6	1,000016E-3	3,076617E-3	1,000000E+0	-4,365575E-10	-2,290649E+9	-7,546000E-6	1,000000E+0	-7,546000E-6
6,291000E+3	6,400000E+3	2,534736E-2	1,000014E-3	2,534701E+1	2,938256E-6	1,000017E-3	2,938206E-3	1,000000E+0	-5,529728E-10	-1,808407E+9	-7,267000E-6	1,000000E+0	-7,267000E-6
7,629000E+3	7,900000E+3	2,534139E-2	1,000015E-3	2,534101E+1	2,952540E-6	1,000017E-3	2,952490E-3	1,000000E+0	-4,074536E-10	-2,454267E+9	-1,067800E-5	1,000000E+0	-1,067800E-5
9,137000E+3	9,400000E+3	2,533357E-2	1,000012E-3	2,533327E+1	2,644735E-6	1,000015E-3	2,644695E-3	1,000000E+0	-3,492460E-10	-2,863311E+9	-9,173000E-6	1,000000E+0	-9,173000E-6
1,076200E+4	1,090000E+4	2,532938E-2	1,000017E-3	2,532895E+1	2,732548E-6	1,000016E-3	2,732505E-3	1,000000E+0	-3,201421E-10	-3,123613E+9	-9,723000E-6	1,000000E+0	-9,723000E-6
1,234100E+4	1,240000E+4	2,532341E-2	1,000018E-3	2,532295E+1	2,871765E-6	1,000014E-3	2,871725E-3	1,000000E+0	-4,074536E-10	-2,454267E+9	-7,188000E-6	1,000000E+0	-7,188000E-6
1,380000E+4	1,390000E+4	2,531684E-2	1,000011E-3	2,531656E+1	2,919344E-6	1,000011E-3	2,919312E-3	1,000000E+0	-4,074536E-10	-2,454267E+9	-7,028000E-6	1,000000E+0	-7,028000E-6
1,482700E+4	1,500000E+4	2,531306E-2	1,000010E-3	2,531281E+1	3,149896E-6	1,000011E-3	3,149861E-3	1,000000E+0	-3,201421E-10	-3,123613E+9	-9,619000E-6	1,000000E+0	-9,619000E-6
