Hmes(G)	Hcons(G)	V1xx (V)	I1xx(A)	R1xx(Ohm)	V2xy (V)	I2xx (A)	R2xy (Ohm)	Virt 	Iload ((A)	Rvirt (Ohm)	Vload (V)	Ivirt	Rvirt (Ohm)
4,487000E+3	4,426000E+3	2,455732E-2	1,000041E-3	2,455631E+1	-4,439631E-6	1,000038E-3	-4,439462E-3	1,000000E+0	5,529728E-10	1,808407E+9	-1,647600E-5	1,000000E+0	-1,647600E-5
6,216000E+3	6,426000E+3	2,454891E-2	1,000036E-3	2,454803E+1	-4,382394E-6	1,000037E-3	-4,382232E-3	1,000000E+0	1,746230E-10	5,726622E+9	-1,438900E-5	1,000000E+0	-1,438900E-5
8,021000E+3	8,426000E+3	2,454169E-2	1,000038E-3	2,454076E+1	-4,297595E-6	1,000038E-3	-4,297431E-3	1,000000E+0	1,746230E-10	5,726622E+9	-1,537800E-5	1,000000E+0	-1,537800E-5
9,879000E+3	1,000000E+4	2,453529E-2	1,000043E-3	2,453424E+1	-4,422227E-6	1,000043E-3	-4,422037E-3	1,000000E+0	2,328306E-10	4,294968E+9	-1,847300E-5	1,000000E+0	-1,847300E-5
9,219000E+3	9,000000E+3	2,454086E-2	1,000046E-3	2,453973E+1	-4,503404E-6	1,000038E-3	-4,503233E-3	1,000000E+0	2,328306E-10	4,294968E+9	-1,518100E-5	1,000000E+0	-1,518100E-5
8,250000E+3	8,000000E+3	2,454244E-2	1,000042E-3	2,454141E+1	-4,485802E-6	1,000043E-3	-4,485609E-3	1,000000E+0	2,328306E-10	4,294968E+9	-1,942200E-5	1,000000E+0	-1,942200E-5
7,253000E+3	7,000000E+3	2,454614E-2	1,000037E-3	2,454523E+1	-4,461259E-6	1,000041E-3	-4,461076E-3	1,000000E+0	1,164153E-10	8,589936E+9	-1,545300E-5	1,000000E+0	-1,545300E-5
6,226000E+3	6,000000E+3	2,455279E-2	1,000045E-3	2,455169E+1	-4,439532E-6	1,000041E-3	-4,439350E-3	1,000000E+0	2,910383E-10	3,435974E+9	-1,652400E-5	1,000000E+0	-1,652400E-5
5,177000E+3	5,000000E+3	2,455548E-2	1,000047E-3	2,455433E+1	-4,417603E-6	1,000045E-3	-4,417405E-3	1,000000E+0	3,201421E-10	3,123613E+9	-1,924700E-5	1,000000E+0	-1,924700E-5
4,253000E+3	4,000000E+3	2,455926E-2	1,000046E-3	2,455813E+1	-4,391249E-6	1,000039E-3	-4,391078E-3	1,000000E+0	2,910383E-10	3,435974E+9	-1,486300E-5	1,000000E+0	-1,486300E-5
3,154000E+3	3,000000E+3	2,456414E-2	1,000043E-3	2,456308E+1	-4,325965E-6	1,000045E-3	-4,325771E-3	1,000000E+0	2,910383E-10	3,435974E+9	-1,703500E-5	1,000000E+0	-1,703500E-5
2,133000E+3	2,000000E+3	2,456698E-2	1,000038E-3	2,456605E+1	-4,252434E-6	1,000042E-3	-4,252256E-3	1,000000E+0	5,820766E-11	1,717987E+10	-1,525000E-5	1,000000E+0	-1,525000E-5
1,155000E+3	1,000000E+3	2,457178E-2	1,000043E-3	2,457072E+1	-4,000252E-6	1,000037E-3	-4,000104E-3	1,000000E+0	1,746230E-10	5,726622E+9	-1,931300E-5	1,000000E+0	-1,931300E-5
4,820000E+2	4,000000E+2	2,457389E-2	1,000044E-3	2,457281E+1	-3,286261E-6	1,000045E-3	-3,286113E-3	1,000000E+0	3,783498E-10	2,643057E+9	-1,652100E-5	1,000000E+0	-1,652100E-5
4,070000E+2	3,500000E+2	2,457532E-2	1,000042E-3	2,457429E+1	-3,068782E-6	1,000040E-3	-3,068659E-3	1,000000E+0	-2,910383E-11	-3,435974E+10	-1,902400E-5	1,000000E+0	-1,902400E-5
3,440000E+2	3,000000E+2	2,457581E-2	1,000041E-3	2,457480E+1	-2,791958E-6	1,000036E-3	-2,791857E-3	1,000000E+0	-2,910383E-11	-3,435974E+10	-1,746500E-5	1,000000E+0	-1,746500E-5
2,840000E+2	2,500000E+2	2,457439E-2	1,000041E-3	2,457338E+1	-2,457093E-6	1,000046E-3	-2,456980E-3	1,000000E+0	8,731149E-11	1,145325E+10	-1,923500E-5	1,000000E+0	-1,923500E-5
2,240000E+2	2,000000E+2	2,457674E-2	1,000037E-3	2,457583E+1	-1,911992E-6	1,000042E-3	-1,911912E-3	1,000000E+0	1,164153E-10	8,589936E+9	-1,587700E-5	1,000000E+0	-1,587700E-5
1,650000E+2	1,500000E+2	2,457481E-2	1,000043E-3	2,457375E+1	-9,527609E-7	1,000042E-3	-9,527209E-4	1,000000E+0	2,910383E-10	3,435974E+9	-1,402800E-5	1,000000E+0	-1,402800E-5
1,070000E+2	1,000000E+2	2,457716E-2	1,000039E-3	2,457620E+1	1,046783E-6	1,000045E-3	1,046736E-3	1,000000E+0	3,492460E-10	2,863311E+9	-1,225000E-5	1,000000E+0	-1,225000E-5
4,800000E+1	5,000000E+1	2,457901E-2	1,000046E-3	2,457788E+1	7,940576E-6	1,000048E-3	7,940195E-3	1,000000E+0	-1,746230E-10	-5,726622E+9	-3,909000E-6	1,000000E+0	-3,909000E-6
4,400000E+1	0,000000E+0	2,457893E-2	1,000041E-3	2,457792E+1	8,670869E-6	1,000041E-3	8,670514E-3	1,000000E+0	-1,746230E-10	-5,726622E+9	-2,968000E-6	1,000000E+0	-2,968000E-6
4,300000E+1	-5,000000E+1	2,457757E-2	1,000044E-3	2,457649E+1	8,938543E-6	1,000041E-3	8,938176E-3	1,000000E+0	2,328306E-10	4,294968E+9	-6,010000E-6	1,000000E+0	-6,010000E-6
-1,200000E+1	-1,000000E+2	2,460515E-2	1,000042E-3	2,460412E+1	4,795401E-5	1,000040E-3	4,795209E-2	1,000000E+0	-2,910383E-11	-3,435974E+10	3,624400E-5	1,000000E+0	3,624400E-5
-6,800000E+1	-1,500000E+2	2,457734E-2	1,000038E-3	2,457641E+1	4,726498E-6	1,000039E-3	4,726314E-3	1,000000E+0	-2,910383E-11	-3,435974E+10	-6,726000E-6	1,000000E+0	-6,726000E-6
-1,270000E+2	-2,000000E+2	2,457557E-2	1,000041E-3	2,457456E+1	4,622492E-7	1,000041E-3	4,622303E-4	1,000000E+0	2,910383E-10	3,435974E+9	-1,503500E-5	1,000000E+0	-1,503500E-5
-1,860000E+2	-2,500000E+2	2,457766E-2	1,000036E-3	2,457678E+1	-1,168427E-6	1,000042E-3	-1,168378E-3	1,000000E+0	-5,820766E-11	-1,717987E+10	-1,405300E-5	1,000000E+0	-1,405300E-5
-2,450000E+2	-3,000000E+2	2,457641E-2	1,000040E-3	2,457543E+1	-2,008057E-6	1,000044E-3	-2,007968E-3	1,000000E+0	4,074536E-10	2,454267E+9	-1,384100E-5	1,000000E+0	-1,384100E-5
-3,030000E+2	-3,500000E+2	2,457682E-2	1,000038E-3	2,457589E+1	-2,499944E-6	1,000036E-3	-2,499854E-3	1,000000E+0	3,201421E-10	3,123613E+9	-1,500700E-5	1,000000E+0	-1,500700E-5
-3,610000E+2	-4,000000E+2	2,457674E-2	1,000039E-3	2,457578E+1	-2,849496E-6	1,000032E-3	-2,849405E-3	1,000000E+0	3,492460E-10	2,863311E+9	-1,535500E-5	1,000000E+0	-1,535500E-5
-1,306000E+3	-1,400000E+3	2,457204E-2	1,000040E-3	2,457106E+1	-4,214711E-6	1,000035E-3	-4,214563E-3	1,000000E+0	3,492460E-10	2,863311E+9	-1,873200E-5	1,000000E+0	-1,873200E-5
-2,371000E+3	-2,400000E+3	2,456742E-2	1,000045E-3	2,456631E+1	-4,439933E-6	1,000036E-3	-4,439773E-3	1,000000E+0	3,492460E-10	2,863311E+9	-1,505900E-5	1,000000E+0	-1,505900E-5
-3,306000E+3	-3,400000E+3	2,456363E-2	1,000037E-3	2,456272E+1	-4,527247E-6	1,000043E-3	-4,527052E-3	1,000000E+0	2,328306E-10	4,294968E+9	-1,837200E-5	1,000000E+0	-1,837200E-5
-4,392000E+3	-4,400000E+3	2,455851E-2	1,000040E-3	2,455753E+1	-4,558026E-6	1,000037E-3	-4,557857E-3	1,000000E+0	0,000000E+0	Inf	-1,773500E-5	1,000000E+0	-1,773500E-5
-5,415000E+3	-5,400000E+3	2,455464E-2	1,000041E-3	2,455363E+1	-4,618984E-6	1,000044E-3	-4,618781E-3	1,000000E+0	4,365575E-10	2,290649E+9	-1,796100E-5	1,000000E+0	-1,796100E-5
-6,444000E+3	-6,400000E+3	2,455152E-2	1,000042E-3	2,455049E+1	-4,665356E-6	1,000043E-3	-4,665155E-3	1,000000E+0	-2,910383E-11	-3,435974E+10	-1,727300E-5	1,000000E+0	-1,727300E-5
-7,434000E+3	-7,400000E+3	2,454648E-2	1,000037E-3	2,454557E+1	-4,685172E-6	1,000039E-3	-4,684989E-3	1,000000E+0	-5,820766E-11	-1,717987E+10	-1,862500E-5	1,000000E+0	-1,862500E-5
-8,508000E+3	-8,400000E+3	2,454345E-2	1,000036E-3	2,454257E+1	-4,688593E-6	1,000040E-3	-4,688405E-3	1,000000E+0	2,910383E-10	3,435974E+9	-1,638200E-5	1,000000E+0	-1,638200E-5
-9,442000E+3	-9,400000E+3	2,453950E-2	1,000035E-3	2,453864E+1	-4,716659E-6	1,000042E-3	-4,716461E-3	1,000000E+0	3,492460E-10	2,863311E+9	-1,758000E-5	1,000000E+0	-1,758000E-5
-1,016400E+4	-1,000000E+4	2,453691E-2	1,000045E-3	2,453581E+1	-4,671999E-6	1,000039E-3	-4,671817E-3	1,000000E+0	5,820766E-11	1,717987E+10	-1,768600E-5	1,000000E+0	-1,768600E-5
-9,306000E+3	-9,000000E+3	2,454245E-2	1,000039E-3	2,454149E+1	-4,610338E-6	1,000039E-3	-4,610159E-3	1,000000E+0	-1,455192E-10	-6,871945E+9	-1,625600E-5	1,000000E+0	-1,625600E-5
-8,291000E+3	-8,000000E+3	2,454589E-2	1,000040E-3	2,454491E+1	-4,584284E-6	1,000039E-3	-4,584106E-3	1,000000E+0	-2,619345E-10	-3,817748E+9	-1,997300E-5	1,000000E+0	-1,997300E-5
-7,218000E+3	-7,000000E+3	2,454851E-2	1,000044E-3	2,454743E+1	-4,588706E-6	1,000037E-3	-4,588536E-3	1,000000E+0	-2,037268E-10	-4,908534E+9	-1,575200E-5	1,000000E+0	-1,575200E-5
-6,289000E+3	-6,000000E+3	2,455363E-2	1,000043E-3	2,455257E+1	-4,558628E-6	1,000043E-3	-4,558432E-3	1,000000E+0	5,820766E-11	1,717987E+10	-1,821000E-5	1,000000E+0	-1,821000E-5
-5,214000E+3	-5,000000E+3	2,455783E-2	1,000045E-3	2,455672E+1	-4,523924E-6	1,000043E-3	-4,523729E-3	1,000000E+0	2,328306E-10	4,294968E+9	-1,891800E-5	1,000000E+0	-1,891800E-5
-4,182000E+3	-4,000000E+3	2,456195E-2	1,000044E-3	2,456087E+1	-4,472826E-6	1,000045E-3	-4,472625E-3	1,000000E+0	6,111804E-10	1,636178E+9	-1,942100E-5	1,000000E+0	-1,942100E-5
-3,153000E+3	-3,000000E+3	2,456591E-2	1,000042E-3	2,456488E+1	-4,437318E-6	1,000040E-3	-4,437141E-3	1,000000E+0	5,820766E-10	1,717987E+9	-1,586800E-5	1,000000E+0	-1,586800E-5
-2,171000E+3	-2,000000E+3	2,456935E-2	1,000036E-3	2,456847E+1	-4,336928E-6	1,000037E-3	-4,336768E-3	1,000000E+0	4,656613E-10	2,147484E+9	-1,861900E-5	1,000000E+0	-1,861900E-5
-1,083000E+3	-1,000000E+3	2,457431E-2	1,000043E-3	2,457325E+1	-4,052759E-6	1,000042E-3	-4,052589E-3	1,000000E+0	-8,731149E-11	-1,145325E+10	-1,901000E-5	1,000000E+0	-1,901000E-5
-4,860000E+2	-4,000000E+2	2,457466E-2	1,000039E-3	2,457370E+1	-3,350134E-6	1,000041E-3	-3,349997E-3	1,000000E+0	2,910383E-11	3,435974E+10	-1,571800E-5	1,000000E+0	-1,571800E-5
-4,060000E+2	-3,500000E+2	2,457667E-2	1,000038E-3	2,457574E+1	-3,151166E-6	1,000037E-3	-3,151050E-3	1,000000E+0	3,492460E-10	2,863311E+9	-1,653600E-5	1,000000E+0	-1,653600E-5
-3,430000E+2	-3,000000E+2	2,457717E-2	1,000041E-3	2,457616E+1	-2,890135E-6	1,000042E-3	-2,890013E-3	1,000000E+0	-2,037268E-10	-4,908534E+9	-1,815400E-5	1,000000E+0	-1,815400E-5
-2,840000E+2	-2,500000E+2	2,457641E-2	1,000045E-3	2,457530E+1	-2,505779E-6	1,000041E-3	-2,505676E-3	1,000000E+0	1,746230E-10	5,726622E+9	-1,605800E-5	1,000000E+0	-1,605800E-5
-2,250000E+2	-2,000000E+2	2,457753E-2	1,000042E-3	2,457650E+1	-1,943578E-6	1,000043E-3	-1,943494E-3	1,000000E+0	4,656613E-10	2,147484E+9	-1,426200E-5	1,000000E+0	-1,426200E-5
-1,650000E+2	-1,500000E+2	2,457843E-2	1,000040E-3	2,457745E+1	-9,676484E-7	1,000044E-3	-9,676058E-4	1,000000E+0	-2,910383E-11	-3,435974E+10	-1,518700E-5	1,000000E+0	-1,518700E-5
-1,060000E+2	-1,000000E+2	2,457910E-2	1,000048E-3	2,457792E+1	1,094966E-6	1,000039E-3	1,094923E-3	1,000000E+0	3,492460E-10	2,863311E+9	-1,285200E-5	1,000000E+0	-1,285200E-5
-4,800000E+1	-5,000000E+1	2,458204E-2	1,000038E-3	2,458111E+1	8,539091E-6	1,000041E-3	8,538741E-3	1,000000E+0	2,910383E-10	3,435974E+9	-5,516000E-6	1,000000E+0	-5,516000E-6
-4,400000E+1	0,000000E+0	2,458119E-2	1,000041E-3	2,458018E+1	9,374598E-6	1,000038E-3	9,374242E-3	1,000000E+0	5,820766E-10	1,717987E+9	-3,916000E-6	1,000000E+0	-3,916000E-6
-4,300000E+1	5,000000E+1	2,458079E-2	1,000045E-3	2,457968E+1	9,706750E-6	1,000044E-3	9,706323E-3	1,000000E+0	8,731149E-11	1,145325E+10	-5,268000E-6	1,000000E+0	-5,268000E-6
1,100000E+1	1,000000E+2	2,459876E-2	1,000044E-3	2,459768E+1	3,889288E-5	1,000043E-3	3,889121E-2	1,000000E+0	-2,328306E-10	-4,294968E+9	2,535500E-5	1,000000E+0	2,535500E-5
6,900000E+1	1,500000E+2	2,457936E-2	1,000046E-3	2,457823E+1	4,525718E-6	1,000041E-3	4,525533E-3	1,000000E+0	-6,984919E-10	-1,431656E+9	-6,176000E-6	1,000000E+0	-6,176000E-6
1,280000E+2	2,000000E+2	2,457849E-2	1,000037E-3	2,457758E+1	4,583263E-7	1,000041E-3	4,583075E-4	1,000000E+0	-4,947651E-10	-2,021161E+9	-1,177200E-5	1,000000E+0	-1,177200E-5
1,850000E+2	2,500000E+2	2,457725E-2	1,000040E-3	2,457627E+1	-1,104250E-6	1,000039E-3	-1,104207E-3	1,000000E+0	-4,656613E-10	-2,147484E+9	-1,834400E-5	1,000000E+0	-1,834400E-5
2,440000E+2	3,000000E+2	2,457860E-2	1,000039E-3	2,457764E+1	-1,916720E-6	1,000042E-3	-1,916639E-3	1,000000E+0	7,275958E-10	1,374389E+9	-1,574000E-5	1,000000E+0	-1,574000E-5
3,030000E+2	3,500000E+2	2,457743E-2	1,000047E-3	2,457627E+1	-2,433353E-6	1,000041E-3	-2,433253E-3	1,000000E+0	7,275958E-10	1,374389E+9	-1,570300E-5	1,000000E+0	-1,570300E-5
3,620000E+2	4,000000E+2	2,457640E-2	1,000040E-3	2,457542E+1	-2,803224E-6	1,000042E-3	-2,803107E-3	1,000000E+0	1,746230E-10	5,726622E+9	-1,481500E-5	1,000000E+0	-1,481500E-5
1,250000E+3	1,400000E+3	2,457414E-2	1,000043E-3	2,457308E+1	-4,065837E-6	1,000044E-3	-4,065658E-3	1,000000E+0	4,656613E-10	2,147484E+9	-1,872200E-5	1,000000E+0	-1,872200E-5
2,349000E+3	2,400000E+3	2,457044E-2	1,000039E-3	2,456948E+1	-4,292467E-6	1,000045E-3	-4,292274E-3	1,000000E+0	-5,820766E-11	-1,717987E+10	-1,787000E-5	1,000000E+0	-1,787000E-5
3,366000E+3	3,400000E+3	2,456498E-2	1,000045E-3	2,456387E+1	-4,388129E-6	1,000045E-3	-4,387931E-3	1,000000E+0	0,000000E+0	Inf	-1,833000E-5	1,000000E+0	-1,833000E-5
4,332000E+3	4,400000E+3	2,456028E-2	1,000043E-3	2,455922E+1	-4,421326E-6	1,000044E-3	-4,421131E-3	1,000000E+0	-8,731149E-11	-1,145325E+10	-1,644400E-5	1,000000E+0	-1,644400E-5
5,413000E+3	5,400000E+3	2,455624E-2	1,000044E-3	2,455516E+1	-4,469508E-6	1,000045E-3	-4,469307E-3	1,000000E+0	-1,746230E-10	-5,726622E+9	-1,711900E-5	1,000000E+0	-1,711900E-5
6,464000E+3	6,400000E+3	2,455212E-2	1,000044E-3	2,455104E+1	-4,467296E-6	1,000046E-3	-4,467091E-3	1,000000E+0	4,656613E-10	2,147484E+9	-1,678500E-5	1,000000E+0	-1,678500E-5
7,456000E+3	7,400000E+3	2,454927E-2	1,000047E-3	2,454812E+1	-4,495763E-6	1,000038E-3	-4,495592E-3	1,000000E+0	5,820766E-10	1,717987E+9	-1,784900E-5	1,000000E+0	-1,784900E-5
8,419000E+3	8,400000E+3	2,454440E-2	1,000041E-3	2,454339E+1	-4,510448E-6	1,000040E-3	-4,510268E-3	1,000000E+0	5,820766E-11	1,717987E+10	-1,714900E-5	1,000000E+0	-1,714900E-5
9,495000E+3	9,400000E+3	2,454213E-2	1,000042E-3	2,454110E+1	-4,534790E-6	1,000039E-3	-4,534613E-3	1,000000E+0	7,275958E-10	1,374389E+9	-1,563000E-5	1,000000E+0	-1,563000E-5
1,014600E+4	1,000000E+4	2,453885E-2	1,000043E-3	2,453779E+1	-4,548368E-6	1,000041E-3	-4,548182E-3	1,000000E+0	7,566996E-10	1,321528E+9	-1,709400E-5	1,000000E+0	-1,709400E-5
